10.116279069767442,172.0,49.883720930232556,50,10
10.29585798816568,169.0,49.70414201183432,50,10
10.116279069767442,172.0,49.883720930232556,50,10
10.0,174.0,50.0,50,10
10.116279069767442,172.0,49.883720930232556,50,10
10.057803468208093,173.0,49.94219653179191,50,10
10.29585798816568,169.0,49.70414201183432,50,10
10.0,174.0,50.0,50,10
10.481927710843374,166.0,49.51807228915663,50,10
10.0,174.0,50.0,50,10
10.175438596491228,171.0,49.824561403508774,50,10
11.153846153846153,156.0,48.84615384615385,49,11
11.2987012987013,154.0,48.7012987012987,49,11
11.2987012987013,154.0,48.7012987012987,49,11
11.2987012987013,154.0,48.7012987012987,49,11
11.012658227848101,158.0,48.9873417721519,49,11
11.225806451612904,155.0,48.774193548387096,49,11
11.372549019607844,153.0,48.627450980392155,49,11
11.2987012987013,154.0,48.7012987012987,49,11
11.153846153846153,156.0,48.84615384615385,49,11
11.2987012987013,154.0,48.7012987012987,49,11
11.153846153846153,156.0,48.84615384615385,49,11
11.2987012987013,154.0,48.7012987012987,49,11
11.153846153846153,156.0,48.84615384615385,49,11
11.0828025477707,157.0,48.9171974522293,49,11
11.225806451612904,155.0,48.774193548387096,49,11
11.153846153846153,156.0,48.84615384615385,49,11
12.0,145.0,48.0,48,12
11.83673469387755,147.0,48.16326530612245,48,12
12.167832167832168,143.0,47.83216783216783,48,12
11.917808219178083,146.0,48.082191780821915,48,12
11.917808219178083,146.0,48.082191780821915,48,12
12.083333333333334,144.0,47.916666666666664,48,12
12.0,145.0,48.0,48,12
12.167832167832168,143.0,47.83216783216783,48,12
11.83673469387755,147.0,48.16326530612245,48,12
11.917808219178083,146.0,48.082191780821915,48,12
12.083333333333334,144.0,47.916666666666664,48,12
12.0,145.0,48.0,48,12
12.167832167832168,143.0,47.83216783216783,48,12
12.985074626865671,134.0,47.01492537313433,47,13
13.282442748091603,131.0,46.717557251908396,47,13
13.282442748091603,131.0,46.717557251908396,47,13
12.985074626865671,134.0,47.01492537313433,47,13
12.985074626865671,134.0,47.01492537313433,47,13
13.181818181818182,132.0,46.81818181818182,47,13
13.384615384615385,130.0,46.61538461538461,47,13
13.181818181818182,132.0,46.81818181818182,47,13
12.985074626865671,134.0,47.01492537313433,47,13
13.181818181818182,132.0,46.81818181818182,47,13
14.03225806451613,124.0,45.96774193548387,46,14
14.262295081967213,122.0,45.73770491803279,46,14
14.146341463414634,123.0,45.853658536585364,46,14
14.262295081967213,122.0,45.73770491803279,46,14
14.262295081967213,122.0,45.73770491803279,46,14
14.262295081967213,122.0,45.73770491803279,46,14
14.146341463414634,123.0,45.853658536585364,46,14
14.380165289256198,121.0,45.6198347107438,46,14
14.380165289256198,121.0,45.6198347107438,46,14
15.0,116.0,45.0,45,15
15.130434782608695,115.0,44.869565217391305,45,15
14.871794871794872,117.0,45.128205128205124,45,15
14.871794871794872,117.0,45.128205128205124,45,15
14.871794871794872,117.0,45.128205128205124,45,15
15.0,116.0,45.0,45,15
15.0,116.0,45.0,45,15
14.871794871794872,117.0,45.128205128205124,45,15
14.871794871794872,117.0,45.128205128205124,45,15
15.130434782608695,115.0,44.869565217391305,45,15
15.130434782608695,115.0,44.869565217391305,45,15
14.871794871794872,117.0,45.128205128205124,45,15
15.0,116.0,45.0,45,15
15.130434782608695,115.0,44.869565217391305,45,15
14.745762711864407,118.0,45.25423728813559,45,15
15.263157894736842,114.0,44.73684210526316,45,15
16.11111111111111,108.0,43.888888888888886,44,16
16.11111111111111,108.0,43.888888888888886,44,16
16.261682242990656,107.0,43.73831775700934,44,16
16.261682242990656,107.0,43.73831775700934,44,16
16.261682242990656,107.0,43.73831775700934,44,16
15.963302752293577,109.0,44.03669724770642,44,16
15.963302752293577,109.0,44.03669724770642,44,16
16.41509433962264,106.0,43.58490566037736,44,16
15.963302752293577,109.0,44.03669724770642,44,16
16.11111111111111,108.0,43.888888888888886,44,16
16.11111111111111,108.0,43.888888888888886,44,16
16.893203883495147,103.0,43.10679611650485,43,17
17.058823529411764,102.0,42.94117647058823,43,17
16.73076923076923,104.0,43.269230769230774,43,17
17.22772277227723,101.0,42.77227722772277,43,17
16.893203883495147,103.0,43.10679611650485,43,17
17.4,100.0,42.6,43,17
17.22772277227723,101.0,42.77227722772277,43,17
16.893203883495147,103.0,43.10679611650485,43,17
17.22772277227723,101.0,42.77227722772277,43,17
17.4,100.0,42.6,43,17
18.125,96.0,41.875,42,18
17.938144329896907,97.0,42.06185567010309,42,18
17.938144329896907,97.0,42.06185567010309,42,18
18.125,96.0,41.875,42,18
18.125,96.0,41.875,42,18
18.125,96.0,41.875,42,18
18.125,96.0,41.875,42,18
18.125,96.0,41.875,42,18
18.125,96.0,41.875,42,18
18.125,96.0,41.875,42,18
19.12087912087912,91.0,40.879120879120876,41,19
19.12087912087912,91.0,40.879120879120876,41,19
19.333333333333332,90.0,40.66666666666667,41,19
19.12087912087912,91.0,40.879120879120876,41,19
18.91304347826087,92.0,41.086956521739125,41,19
19.12087912087912,91.0,40.879120879120876,41,19
19.333333333333332,90.0,40.66666666666667,41,19
19.12087912087912,91.0,40.879120879120876,41,19
19.12087912087912,91.0,40.879120879120876,41,19
20.232558139534884,86.0,39.76744186046511,40,20
19.55056179775281,89.0,40.449438202247194,40,20
20.470588235294116,85.0,39.529411764705884,40,20
20.232558139534884,86.0,39.76744186046511,40,20
20.232558139534884,86.0,39.76744186046511,40,20
19.772727272727273,88.0,40.22727272727273,40,20
20.0,87.0,40.0,40,20
20.232558139534884,86.0,39.76744186046511,40,20
21.21951219512195,82.0,38.78048780487805,39,21
20.96385542168675,83.0,39.036144578313255,39,21
20.714285714285715,84.0,39.285714285714285,39,21
20.96385542168675,83.0,39.036144578313255,39,21
20.714285714285715,84.0,39.285714285714285,39,21
20.714285714285715,84.0,39.285714285714285,39,21
21.21951219512195,82.0,38.78048780487805,39,21
20.96385542168675,83.0,39.036144578313255,39,21
20.714285714285715,84.0,39.285714285714285,39,21
21.75,80.0,38.25,38,22
21.75,80.0,38.25,38,22
22.025316455696203,79.0,37.9746835443038,38,22
21.48148148148148,81.0,38.51851851851852,38,22
22.025316455696203,79.0,37.9746835443038,38,22
22.025316455696203,79.0,37.9746835443038,38,22
22.025316455696203,79.0,37.9746835443038,38,22
21.75,80.0,38.25,38,22
21.75,80.0,38.25,38,22
21.75,80.0,38.25,38,22
22.025316455696203,79.0,37.9746835443038,38,22
21.48148148148148,81.0,38.51851851851852,38,22
23.513513513513512,74.0,36.486486486486484,37,23
22.5974025974026,77.0,37.4025974025974,37,23
23.513513513513512,74.0,36.486486486486484,37,23
22.894736842105264,76.0,37.10526315789474,37,23
22.894736842105264,76.0,37.10526315789474,37,23
23.2,75.0,36.8,37,23
22.894736842105264,76.0,37.10526315789474,37,23
22.5974025974026,77.0,37.4025974025974,37,23
22.5974025974026,77.0,37.4025974025974,37,23
22.894736842105264,76.0,37.10526315789474,37,23
23.2,75.0,36.8,37,23
24.166666666666668,72.0,35.83333333333333,36,24
23.835616438356166,73.0,36.16438356164383,36,24
23.835616438356166,73.0,36.16438356164383,36,24
24.166666666666668,72.0,35.83333333333333,36,24
23.513513513513512,74.0,36.486486486486484,36,24
23.835616438356166,73.0,36.16438356164383,36,24
23.835616438356166,73.0,36.16438356164383,36,24
23.835616438356166,73.0,36.16438356164383,36,24
23.835616438356166,73.0,36.16438356164383,36,24
24.166666666666668,72.0,35.83333333333333,36,24
23.835616438356166,73.0,36.16438356164383,36,24
24.507042253521128,71.0,35.49295774647887,36,24
25.217391304347824,69.0,34.78260869565217,36,24
24.857142857142858,70.0,35.14285714285714,35,25
24.507042253521128,71.0,35.49295774647887,35,25
24.857142857142858,70.0,35.14285714285714,35,25
24.857142857142858,70.0,35.14285714285714,35,25
25.217391304347824,69.0,34.78260869565217,35,25
25.217391304347824,69.0,34.78260869565217,35,25
24.857142857142858,70.0,35.14285714285714,35,25
24.857142857142858,70.0,35.14285714285714,35,25
24.857142857142858,70.0,35.14285714285714,35,25
24.507042253521128,71.0,35.49295774647887,35,25
25.58823529411765,68.0,34.41176470588235,34,26
25.970149253731343,67.0,34.02985074626866,34,26
25.58823529411765,68.0,34.41176470588235,34,26
25.970149253731343,67.0,34.02985074626866,34,26
26.363636363636363,66.0,33.63636363636364,34,26
25.58823529411765,68.0,34.41176470588235,34,26
25.970149253731343,67.0,34.02985074626866,34,26
25.970149253731343,67.0,34.02985074626866,34,26
25.58823529411765,68.0,34.41176470588235,34,26
25.58823529411765,68.0,34.41176470588235,34,26
25.970149253731343,67.0,34.02985074626866,34,26
25.58823529411765,68.0,34.41176470588235,34,26
26.363636363636363,66.0,33.63636363636364,33,27
27.1875,64.0,32.8125,33,27
26.363636363636363,66.0,33.63636363636364,33,27
26.363636363636363,66.0,33.63636363636364,33,27
25.970149253731343,67.0,34.02985074626866,33,27
26.76923076923077,65.0,33.230769230769226,33,27
26.76923076923077,65.0,33.230769230769226,33,27
27.61904761904762,63.0,32.38095238095238,33,27
27.1875,64.0,32.8125,33,27
27.1875,64.0,32.8125,33,27
27.1875,64.0,32.8125,33,27
27.61904761904762,63.0,32.38095238095238,32,28
28.06451612903226,62.0,31.93548387096774,32,28
28.06451612903226,62.0,31.93548387096774,32,28
27.61904761904762,63.0,32.38095238095238,32,28
28.524590163934427,61.0,31.475409836065573,32,28
28.06451612903226,62.0,31.93548387096774,32,28
28.06451612903226,62.0,31.93548387096774,32,28
29.0,60.0,31.0,31,29
28.06451612903226,62.0,31.93548387096774,31,29
29.0,60.0,31.0,31,29
29.491525423728813,59.0,30.508474576271187,31,29
28.524590163934427,61.0,31.475409836065573,31,29
28.524590163934427,61.0,31.475409836065573,31,29
29.0,60.0,31.0,31,29
28.524590163934427,61.0,31.475409836065573,31,29
29.0,60.0,31.0,31,29
30.0,58.0,30.0,30,30
29.0,60.0,31.0,30,30
30.0,58.0,30.0,30,30
29.0,60.0,31.0,30,30
30.526315789473685,57.0,29.473684210526315,30,30
30.0,58.0,30.0,30,30
30.0,58.0,30.0,30,30
29.491525423728813,59.0,30.508474576271187,30,30
29.491525423728813,59.0,30.508474576271187,30,30
29.491525423728813,59.0,30.508474576271187,30,30
30.526315789473685,57.0,29.473684210526315,29,31
31.071428571428573,56.0,28.928571428571427,29,31
30.526315789473685,57.0,29.473684210526315,29,31
31.071428571428573,56.0,28.928571428571427,29,31
30.526315789473685,57.0,29.473684210526315,29,31
31.071428571428573,56.0,28.928571428571427,29,31
30.526315789473685,57.0,29.473684210526315,29,31
31.071428571428573,56.0,28.928571428571427,29,31
30.526315789473685,57.0,29.473684210526315,29,31
32.22222222222222,54.0,27.77777777777778,28,32
32.22222222222222,54.0,27.77777777777778,28,32
31.071428571428573,56.0,28.928571428571427,28,32
31.636363636363637,55.0,28.363636363636363,28,32
31.636363636363637,55.0,28.363636363636363,28,32
31.071428571428573,56.0,28.928571428571427,28,32
32.22222222222222,54.0,27.77777777777778,28,32
31.636363636363637,55.0,28.363636363636363,28,32
32.22222222222222,54.0,27.77777777777778,28,32
32.83018867924528,53.0,27.169811320754718,28,32
32.83018867924528,53.0,27.169811320754718,27,33
32.83018867924528,53.0,27.169811320754718,27,33
32.22222222222222,54.0,27.77777777777778,27,33
32.83018867924528,53.0,27.169811320754718,27,33
33.46153846153846,52.0,26.53846153846154,27,33
32.22222222222222,54.0,27.77777777777778,27,33
32.22222222222222,54.0,27.77777777777778,27,33
32.83018867924528,53.0,27.169811320754718,27,33
32.83018867924528,53.0,27.169811320754718,27,33
32.22222222222222,54.0,27.77777777777778,27,33
32.83018867924528,53.0,27.169811320754718,27,33
33.46153846153846,52.0,26.53846153846154,26,34
33.46153846153846,52.0,26.53846153846154,26,34
34.8,50.0,25.200000000000003,26,34
33.46153846153846,52.0,26.53846153846154,26,34
34.11764705882353,51.0,25.88235294117647,26,34
34.11764705882353,51.0,25.88235294117647,26,34
34.11764705882353,51.0,25.88235294117647,26,34
33.46153846153846,52.0,26.53846153846154,26,34
33.46153846153846,52.0,26.53846153846154,26,34
34.11764705882353,51.0,25.88235294117647,26,34
34.11764705882353,51.0,25.88235294117647,26,34
34.11764705882353,51.0,25.88235294117647,26,34
35.51020408163265,49.0,24.48979591836735,25,35
34.11764705882353,51.0,25.88235294117647,25,35
35.51020408163265,49.0,24.48979591836735,25,35
34.11764705882353,51.0,25.88235294117647,25,35
34.11764705882353,51.0,25.88235294117647,25,35
35.51020408163265,49.0,24.48979591836735,25,35
34.11764705882353,51.0,25.88235294117647,25,35
34.8,50.0,25.200000000000003,25,35
34.8,50.0,25.200000000000003,25,35
34.11764705882353,51.0,25.88235294117647,25,35
34.11764705882353,51.0,25.88235294117647,25,35
34.8,50.0,25.200000000000003,25,35
35.51020408163265,49.0,24.48979591836735,24,36
36.25,48.0,23.75,24,36
35.51020408163265,49.0,24.48979591836735,24,36
34.8,50.0,25.200000000000003,24,36
35.51020408163265,49.0,24.48979591836735,24,36
34.8,50.0,25.200000000000003,24,36
35.51020408163265,49.0,24.48979591836735,24,36
35.51020408163265,49.0,24.48979591836735,24,36
35.51020408163265,49.0,24.48979591836735,24,36
36.25,48.0,23.75,24,36
35.51020408163265,49.0,24.48979591836735,24,36
35.51020408163265,49.0,24.48979591836735,23,37
37.02127659574468,47.0,22.97872340425532,23,37
37.02127659574468,47.0,22.97872340425532,23,37
37.02127659574468,47.0,22.97872340425532,23,37
36.25,48.0,23.75,23,37
36.25,48.0,23.75,23,37
37.02127659574468,47.0,22.97872340425532,23,37
37.02127659574468,47.0,22.97872340425532,23,37
36.25,48.0,23.75,23,37
37.02127659574468,47.0,22.97872340425532,23,37
37.82608695652174,46.0,22.173913043478258,22,38
37.82608695652174,46.0,22.173913043478258,22,38
37.02127659574468,47.0,22.97872340425532,22,38
37.82608695652174,46.0,22.173913043478258,22,38
37.82608695652174,46.0,22.173913043478258,22,38
37.82608695652174,46.0,22.173913043478258,22,38
37.82608695652174,46.0,22.173913043478258,22,38
37.82608695652174,46.0,22.173913043478258,22,38
37.82608695652174,46.0,22.173913043478258,22,38
37.82608695652174,46.0,22.173913043478258,22,38
37.82608695652174,46.0,22.173913043478258,22,38
38.666666666666664,45.0,21.333333333333336,22,38
39.54545454545455,44.0,20.454545454545453,21,39
38.666666666666664,45.0,21.333333333333336,21,39
39.54545454545455,44.0,20.454545454545453,21,39
37.82608695652174,46.0,22.173913043478258,21,39
39.54545454545455,44.0,20.454545454545453,21,39
38.666666666666664,45.0,21.333333333333336,21,39
38.666666666666664,45.0,21.333333333333336,21,39
38.666666666666664,45.0,21.333333333333336,21,39
38.666666666666664,45.0,21.333333333333336,21,39
39.54545454545455,44.0,20.454545454545453,21,39
38.666666666666664,45.0,21.333333333333336,21,39
38.666666666666664,45.0,21.333333333333336,21,39
40.46511627906977,43.0,19.53488372093023,20,40
39.54545454545455,44.0,20.454545454545453,20,40
39.54545454545455,44.0,20.454545454545453,20,40
39.54545454545455,44.0,20.454545454545453,20,40
40.46511627906977,43.0,19.53488372093023,20,40
39.54545454545455,44.0,20.454545454545453,20,40
38.666666666666664,45.0,21.333333333333336,20,40
39.54545454545455,44.0,20.454545454545453,20,40
40.46511627906977,43.0,19.53488372093023,20,40
39.54545454545455,44.0,20.454545454545453,20,40
39.54545454545455,44.0,20.454545454545453,19,41
41.42857142857143,42.0,18.57142857142857,19,41
40.46511627906977,43.0,19.53488372093023,19,41
40.46511627906977,43.0,19.53488372093023,19,41
41.42857142857143,42.0,18.57142857142857,19,41
39.54545454545455,44.0,20.454545454545453,19,41
40.46511627906977,43.0,19.53488372093023,19,41
40.46511627906977,43.0,19.53488372093023,19,41
40.46511627906977,43.0,19.53488372093023,19,41
41.42857142857143,42.0,18.57142857142857,19,41
43.5,40.0,16.5,18,42
41.42857142857143,42.0,18.57142857142857,18,42
41.42857142857143,42.0,18.57142857142857,18,42
42.4390243902439,41.0,17.5609756097561,18,42
41.42857142857143,42.0,18.57142857142857,18,42
41.42857142857143,42.0,18.57142857142857,18,42
41.42857142857143,42.0,18.57142857142857,18,42
41.42857142857143,42.0,18.57142857142857,18,42
41.42857142857143,42.0,18.57142857142857,18,42
39.54545454545455,44.0,20.454545454545453,18,42
41.42857142857143,42.0,18.57142857142857,18,42
41.42857142857143,42.0,18.57142857142857,18,42
42.4390243902439,41.0,17.5609756097561,18,42
42.4390243902439,41.0,17.5609756097561,17,43
43.5,40.0,16.5,17,43
42.4390243902439,41.0,17.5609756097561,17,43
43.5,40.0,16.5,17,43
42.4390243902439,41.0,17.5609756097561,17,43
42.4390243902439,41.0,17.5609756097561,17,43
41.42857142857143,42.0,18.57142857142857,17,43
42.4390243902439,41.0,17.5609756097561,17,43
42.4390243902439,41.0,17.5609756097561,17,43
43.5,40.0,16.5,16,44
43.5,40.0,16.5,16,44
44.61538461538461,39.0,15.384615384615387,16,44
43.5,40.0,16.5,16,44
43.5,40.0,16.5,16,44
44.61538461538461,39.0,15.384615384615387,16,44
43.5,40.0,16.5,16,44
43.5,40.0,16.5,16,44
44.61538461538461,39.0,15.384615384615387,16,44
43.5,40.0,16.5,16,44
43.5,40.0,16.5,16,44
44.61538461538461,39.0,15.384615384615387,16,44
44.61538461538461,39.0,15.384615384615387,15,45
45.78947368421053,38.0,14.210526315789473,15,45
44.61538461538461,39.0,15.384615384615387,15,45
44.61538461538461,39.0,15.384615384615387,15,45
44.61538461538461,39.0,15.384615384615387,15,45
43.5,40.0,16.5,15,45
45.78947368421053,38.0,14.210526315789473,15,45
43.5,40.0,16.5,15,45
44.61538461538461,39.0,15.384615384615387,15,45
44.61538461538461,39.0,15.384615384615387,15,45
45.78947368421053,38.0,14.210526315789473,15,45
43.5,40.0,16.5,15,45
44.61538461538461,39.0,15.384615384615387,15,45
45.78947368421053,38.0,14.210526315789473,14,46
45.78947368421053,38.0,14.210526315789473,14,46
45.78947368421053,38.0,14.210526315789473,14,46
44.61538461538461,39.0,15.384615384615387,14,46
44.61538461538461,39.0,15.384615384615387,14,46
44.61538461538461,39.0,15.384615384615387,14,46
45.78947368421053,38.0,14.210526315789473,14,46
45.78947368421053,38.0,14.210526315789473,14,46
45.78947368421053,38.0,14.210526315789473,13,47
47.027027027027025,37.0,12.972972972972975,13,47
44.61538461538461,39.0,15.384615384615387,13,47
47.027027027027025,37.0,12.972972972972975,13,47
47.027027027027025,37.0,12.972972972972975,13,47
47.027027027027025,37.0,12.972972972972975,13,47
43.5,40.0,16.5,13,47
47.027027027027025,37.0,12.972972972972975,13,47
45.78947368421053,38.0,14.210526315789473,13,47
45.78947368421053,38.0,14.210526315789473,13,47
47.027027027027025,37.0,12.972972972972975,12,48
48.333333333333336,36.0,11.666666666666664,12,48
47.027027027027025,37.0,12.972972972972975,12,48
47.027027027027025,37.0,12.972972972972975,12,48
48.333333333333336,36.0,11.666666666666664,12,48
48.333333333333336,36.0,11.666666666666664,12,48
47.027027027027025,37.0,12.972972972972975,12,48
45.78947368421053,38.0,14.210526315789473,12,48
47.027027027027025,37.0,12.972972972972975,12,48
47.027027027027025,37.0,12.972972972972975,12,48
48.333333333333336,36.0,11.666666666666664,12,48
47.027027027027025,37.0,12.972972972972975,11,49
48.333333333333336,36.0,11.666666666666664,11,49
48.333333333333336,36.0,11.666666666666664,11,49
48.333333333333336,36.0,11.666666666666664,11,49
48.333333333333336,36.0,11.666666666666664,11,49
48.333333333333336,36.0,11.666666666666664,11,49
48.333333333333336,36.0,11.666666666666664,11,49
45.78947368421053,38.0,14.210526315789473,11,49
47.027027027027025,37.0,12.972972972972975,11,49
48.333333333333336,36.0,11.666666666666664,11,49
48.333333333333336,36.0,11.666666666666664,11,49
48.333333333333336,36.0,11.666666666666664,11,49
47.027027027027025,37.0,12.972972972972975,11,49
49.714285714285715,35.0,10.285714285714285,10,50
49.714285714285715,35.0,10.285714285714285,10,50
49.714285714285715,35.0,10.285714285714285,10,50
49.714285714285715,35.0,10.285714285714285,10,50
48.333333333333336,36.0,11.666666666666664,10,50
49.714285714285715,35.0,10.285714285714285,10,50
49.714285714285715,35.0,10.285714285714285,10,50
49.714285714285715,35.0,10.285714285714285,10,50
49.714285714285715,35.0,10.285714285714285,10,50
49.714285714285715,35.0,10.285714285714285,10,50
48.333333333333336,36.0,11.666666666666664,10,50
51.1764705882353,34.0,8.823529411764703,9,51
51.1764705882353,34.0,8.823529411764703,9,51
51.1764705882353,34.0,8.823529411764703,9,51
51.1764705882353,34.0,8.823529411764703,9,51
51.1764705882353,34.0,8.823529411764703,9,51
51.1764705882353,34.0,8.823529411764703,9,51
51.1764705882353,34.0,8.823529411764703,9,51
49.714285714285715,35.0,10.285714285714285,9,51
49.714285714285715,35.0,10.285714285714285,9,51
49.714285714285715,35.0,10.285714285714285,9,51
51.1764705882353,34.0,8.823529411764703,8,52
52.72727272727273,33.0,7.272727272727273,8,52
49.714285714285715,35.0,10.285714285714285,8,52
51.1764705882353,34.0,8.823529411764703,8,52
51.1764705882353,34.0,8.823529411764703,8,52
51.1764705882353,34.0,8.823529411764703,8,52
51.1764705882353,34.0,8.823529411764703,8,52
51.1764705882353,34.0,8.823529411764703,8,52
51.1764705882353,34.0,8.823529411764703,8,52
51.1764705882353,34.0,8.823529411764703,8,52
51.1764705882353,34.0,8.823529411764703,8,52
52.72727272727273,33.0,7.272727272727273,7,53
51.1764705882353,34.0,8.823529411764703,7,53
52.72727272727273,33.0,7.272727272727273,7,53
52.72727272727273,33.0,7.272727272727273,7,53
52.72727272727273,33.0,7.272727272727273,7,53
51.1764705882353,34.0,8.823529411764703,7,53
52.72727272727273,33.0,7.272727272727273,7,53
52.72727272727273,33.0,7.272727272727273,7,53
52.72727272727273,33.0,7.272727272727273,7,53
52.72727272727273,33.0,7.272727272727273,7,53
52.72727272727273,33.0,7.272727272727273,7,53
54.375,32.0,5.625,6,54
52.72727272727273,33.0,7.272727272727273,6,54
51.1764705882353,34.0,8.823529411764703,6,54
52.72727272727273,33.0,7.272727272727273,6,54
54.375,32.0,5.625,6,54
52.72727272727273,33.0,7.272727272727273,6,54
52.72727272727273,33.0,7.272727272727273,6,54
54.375,32.0,5.625,6,54
54.375,32.0,5.625,6,54
54.375,32.0,5.625,6,54
54.375,32.0,5.625,6,54
54.375,32.0,5.625,6,54
54.375,32.0,5.625,6,54
54.375,32.0,5.625,5,55
54.375,32.0,5.625,5,55
54.375,32.0,5.625,5,55
54.375,32.0,5.625,5,55
54.375,32.0,5.625,5,55
54.375,32.0,5.625,5,55
54.375,32.0,5.625,5,55
54.375,32.0,5.625,5,55
54.375,32.0,5.625,5,55
56.12903225806452,31.0,3.8709677419354804,4,56
54.375,32.0,5.625,4,56
54.375,32.0,5.625,4,56
54.375,32.0,5.625,4,56
54.375,32.0,5.625,4,56
56.12903225806452,31.0,3.8709677419354804,4,56
54.375,32.0,5.625,4,56
54.375,32.0,5.625,4,56
56.12903225806452,31.0,3.8709677419354804,4,56
54.375,32.0,5.625,4,56
54.375,32.0,5.625,4,56
56.12903225806452,31.0,3.8709677419354804,4,56
56.12903225806452,31.0,3.8709677419354804,4,56
58.0,30.0,2.0,3,57
58.0,30.0,2.0,3,57
58.0,30.0,2.0,3,57
58.0,30.0,2.0,3,57
56.12903225806452,31.0,3.8709677419354804,3,57
58.0,30.0,2.0,3,57
56.12903225806452,31.0,3.8709677419354804,3,57
58.0,30.0,2.0,2,58
58.0,30.0,2.0,2,58
58.0,30.0,2.0,2,58
58.0,30.0,2.0,2,58
56.12903225806452,31.0,3.8709677419354804,2,58
58.0,30.0,2.0,2,58
58.0,30.0,2.0,2,58
58.0,30.0,2.0,2,58
58.0,30.0,2.0,2,58
58.0,30.0,2.0,1,59
58.0,30.0,2.0,1,59
58.0,30.0,2.0,1,59
60.0,29.0,0.0,1,59
58.0,30.0,2.0,1,59
58.0,30.0,2.0,1,59
58.0,30.0,2.0,1,59
58.0,30.0,2.0,1,59
58.0,30.0,2.0,1,59
58.0,30.0,2.0,1,59
58.0,30.0,2.0,1,59
58.0,30.0,2.0,1,59
60.0,29.0,0.0,0,60
60.0,29.0,0.0,0,60
60.0,29.0,0.0,0,60
58.0,30.0,2.0,0,60
60.0,29.0,0.0,0,60
58.0,30.0,2.0,0,60
60.0,29.0,0.0,0,60
60.0,29.0,0.0,0,60
60.0,29.0,0.0,0,60
60.0,29.0,0.0,0,60
58.0,30.0,2.0,1,59
58.0,30.0,2.0,1,59
60.0,29.0,0.0,1,59
58.0,30.0,2.0,1,59
58.0,30.0,2.0,1,59
58.0,30.0,2.0,1,59
58.0,30.0,2.0,1,59
60.0,29.0,0.0,1,59
60.0,29.0,0.0,1,59
58.0,30.0,2.0,1,59
58.0,30.0,2.0,1,59
58.0,30.0,2.0,1,59
60.0,29.0,0.0,1,59
58.0,30.0,2.0,1,59
60.0,29.0,0.0,1,59
58.0,30.0,2.0,1,59
